0.5031073074342141 0.05614213442022234
15.132310800878646 9.430878840138688e-07
1.0041216940401045 0.04464147694451675
0.3656685517078755 0.058694300334880836
4.4852138209154555 0.003585794452955926
0.10063854175996956 0.06243501456445988
0.6151897728834428 0.05385260453011952
20.000021187042464 1.075941344954601e-09
3.9836635524575783 0.004995043919187394
0.8650505425570845 0.048070959442260294
5.037236486163455 0.0024657056428445973
2.237036893082493 0.01845998611186793
2.0124102355490097 0.022123522243649548
5.97116243381881 0.0013771911889329234
0.18270987735551691 0.061414685836104085
2.220446049250313e-16 0.06352844561373576
3.0165046357126 0.01003432273467842
0.7356295974153191 0.05118458786712318
5.4874150996352435 0.0018537527890373957
3.527976574640884 0.006844827990055601
2.4784133376731967 0.015264458454080178
1.7369658229322895 0.0273656988579217
8.074616083343193 0.00040581323780959123
1.259331495986297 0.038349793413450614
8.98787474046474 0.00022839636781039785
7.049566038862803 0.000745579629437966
9.993033729877588 0.00011030498299696644
1.4867073230947274 0.032819287167185456
0.2709010852615823 0.060153534169017635
