# [0] redshift z, [1] total stellar mass in 10^10 M_sun/h
5.031073074342140572e-01 1.278659568274331832e+04
1.513231080087864555e+01 2.147920379356946796e-01
1.004121694040104540e+00 1.016727494002146705e+04
3.656685517078754888e-01 1.336786167847044999e+04
4.485213820915455507e+00 8.166790298385240021e+02
1.006385417599695575e-01 1.421982430711399502e+04
6.151897728834427870e-01 1.226514609215284145e+04
2.000002118704246357e+01 2.450499450787901878e-04
3.983663552457578305e+00 1.137641232770605711e+03
8.650505425570844675e-01 1.094835329681255098e+04
5.037236486163455318e+00 5.615743229804284056e+02
2.237036893082493094e+00 4.204335676922368293e+03
2.012410235549009663e+00 5.038720685080159456e+03
5.971162433818809845e+00 3.136608020442290581e+02
1.827098773555169142e-01 1.398744035791604983e+04
2.220446049250313081e-16 1.446885760231077438e+04
3.016504635712600191e+00 2.285357140113948844e+03
7.356295974153190809e-01 1.165749462508877332e+04
5.487415099635243543e+00 4.221996127144229831e+02
3.527976574640883989e+00 1.558936954047123436e+03
2.478413337673196715e+00 3.476541470750576991e+03
1.736965822932289516e+00 6.232647377687098924e+03
8.074616083343192585e+00 9.242558816408563871e+01
1.259331495986296900e+00 8.734318849087030685e+03
8.987874740464739887e+00 5.201818635428935522e+01
7.049566038862803197e+00 1.698087429230145062e+02
9.993033729877588200e+00 2.512240109749109251e+01
1.486707323094727418e+00 7.474723929475156183e+03
2.709010852615822973e-01 1.370020802113044192e+04
