14.98917324 1.083974408283471e-06
11.9802133153 3.417776864881577e-05
10.9756432941 9.486786920683772e-05
9.99659046619 0.00022551569087141552
9.38877127194 0.0003762086075836605
9.00233985416 0.000511384989249717
8.44947629437 0.0007730971569119995
8.01217294887 0.001037751464720791
7.59510714987 0.001361212956762322
7.23627606617 0.0017132301014941686
7.00541704554 0.0019880056587390526
6.49159774567 0.002748555027560983
6.01075739884 0.0036905897604217757
5.84661374788 0.003964549542281773
5.52976580795 0.004790266534477435
5.22758097313 0.005740580231971858
4.99593346816 0.006689002564719517
4.66451770247 0.008449245236987042
4.42803373661 0.009802742040273137
4.17683491473 0.011431991294210037
4.00794511147 0.012733951177828167
3.70877426464 0.015452837736437458
3.49086136926 0.017874199171046705
3.28303305796 0.020762468718011927
3.00813107163 0.02516496831206652
2.89578500573 0.02713911377070977
2.73314261732 0.030345184295849172
2.5772902716 0.033705321769444574
2.44422570455 0.03664918745719925
2.31611074396 0.039785672866162636
2.20792547238 0.042515495198769085
2.1032696526 0.045260109416530504
2.00202813925 0.04799882570215031
1.90408954353 0.05073829784273759
1.82268925262 0.05311554986866713
1.74357057433 0.05547337362247036
1.66666955611 0.05779033474886069
1.60423452207 0.05977469050368363
1.53123902916 0.06213095668401178
1.4955121665 0.06331137103857722
1.41409822037 0.06598654368708709
1.3575766674 0.0679061651396465
1.30237845991 0.06976183971332056
1.24847261425 0.07158043629509252
1.20625808078 0.07300108029936014
1.15460271236 0.07476524221960705
1.11415056377 0.07611938409060769
1.07445789455 0.07752205196964472
1.03551044566 0.07890802432879392
0.997294225782 0.08023065735205766
0.950531351585 0.08184019362254086
0.923000816178 0.08279579324194909
0.886896937575 0.08402929017704974
0.851470900625 0.0852540373016919
0.816709979012 0.08645419084744826
0.791068248946 0.08734878004580376
0.757441372616 0.08853150544629017
0.732636182022 0.08936684728955324
0.700106353719 0.09050604402099213
0.676110411213 0.09133494114341376
0.644641840685 0.09240024992472481
0.621428745243 0.09318772690968662
0.598543288188 0.09396878299902262
0.575980845108 0.0946950589612062
0.546392183141 0.0956714996880306
0.524565820434 0.09636142432739031
0.503047523245 0.09704742376246674
0.481832943421 0.0977160605716163
0.460917794181 0.09838035523520818
0.440297849248 0.09900720857235883
0.419968941997 0.09963717705645962
0.399926964614 0.10022954339391336
0.38016786726 0.10081250472747737
0.360687657262 0.10136816236387201
0.347853841858 0.10174595285260706
0.328829724206 0.10227408045228337
0.310074120128 0.10278743641823805
0.297717684517 0.10312421179817982
0.2733533465784399 0.10375010021409543
0.2613432561610123 0.10406003648857363
0.24354018155467028 0.10450870103765297
0.22598838626019768 0.10495847345926144
0.21442503551449454 0.1052371867885909
0.19728418237600986 0.10566562372955786
0.1803852617057493 0.10607961067721484
0.169252033244 0.10635021152060524
0.152748768902 0.10607961067721484
0.14187620397 0.10701193306090367
0.125759332411 0.1074130186542699
0.109869940459 0.10778725322956469
0.0994018026302 0.10803969925860686
0.0838844307975 0.10839762547376863
0.0736613846564 0.10862549579283678
0.0585073227945 0.10895904881235785
0.0485236299818 0.10915765581026697
0.0337243718735 0.10946373239980497
0.0239744283828 0.10966192841274362
0.00952166696794 0.1099412135472494
2.22044604925e-16 0.11014235793062843
