14.797437 3.676825393785354e-08
14.237665 9.157213089399588e-08
13.707152 2.5059870192771705e-07
13.203888 4.3908602758044747e-07
12.726037 6.946736355753706e-07
12.27191 9.583413996457016e-07
11.839961 1.6033813988725539e-06
11.428765 3.356341867816826e-06
11.037011 5.705679426487107e-06
10.663489 9.287460937781598e-06
10.307082 1.56806012660204e-05
9.966759 2.7079615766209465e-05
9.641562 4.092248805856354e-05
9.330607 5.8311403381691607e-05
9.033071 8.290281733834478e-05
8.748191 0.00011760056284273565
8.475257 0.0001568206045732526
8.213608 0.00021163064877012733
7.962628 0.0002778378467907928
7.721742 0.0003660181055827768
7.490415 0.0004546818741524728
7.268145 0.0005660244620132183
7.054463 0.0006967413895546397
6.848931 0.0008300804530700455
6.651136 0.001003059244169359
6.460693 0.001201582327092161
6.277241 0.001400984489810025
6.100439 0.001603083527379571
5.929968 0.0018510821412617425
5.765526 0.0020730199127595825
5.60683 0.0023114006079918443
5.453615 0.002575363721940737
5.305627 0.002873375517669224
5.16263 0.0031897807806344864
5.0244 0.0035378312254609402
4.890725 0.003906887998242537
4.761405 0.0042840673377133745
4.636251 0.004705482655592769
4.515082 0.005126954817083337
4.39773 0.005585509670490449
4.284034 0.006062070632981991
4.173841 0.006547628030840643
4.067006 0.006983232925593639
3.963392 0.00752432540832499
3.862868 0.008037319847120038
3.765311 0.008602678826687214
3.670602 0.00911454777076254
3.57863 0.009748737525278375
3.489287 0.010356771505059807
3.402471 0.0109654936681807
3.318086 0.011718998624000209
3.23604 0.01239474596658214
3.156244 0.013028988281511167
3.078614 0.013754242190600324
3.00307 0.014476733097259714
2.929536 0.015239053912611999
2.857938 0.01600790130430288
2.788206 0.016895152168274717
2.720273 0.017720090087134377
2.654076 0.018548659791903163
2.589552 0.019515991226360527
2.526644 0.020527295567846292
2.465295 0.0216815366851233
2.405452 0.02276140165806246
2.347062 0.02391347908559657
2.290077 0.024986964670275856
2.234449 0.026115181920607744
2.180132 0.027452263573596505
2.127083 0.028644914926904658
2.075259 0.029856885335561058
2.024621 0.031232984441977064
1.975129 0.03250525143023925
1.926747 0.03378339194191385
1.879439 0.03488684948890191
1.833169 0.036156711404164626
1.787906 0.037456575166740044
1.743617 0.03878644023022932
1.700271 0.03994416426670421
1.657839 0.0412508092254352
1.616292 0.04231474756507045
1.575603 0.04372273806271112
1.535745 0.04481783537124768
1.496693 0.04597395309187571
1.458422 0.04716447601540407
1.420909 0.048336857348171176
1.38413 0.04957799993230899
1.348063 0.05082409432441786
1.312687 0.05193483424519295
1.277981 0.05329111316804009
1.243926 0.05440381920828889
1.210501 0.05571805674871584
1.177688 0.05693685314745967
1.14547 0.05819565274234116
1.113828 0.059303601041215716
1.082747 0.06047659128514997
1.052208 0.061528386692745685
1.022198 0.06243116851144996
0.9927 0.06365021421601648
0.963699 0.06457555332975257
0.935181 0.0657319520881986
0.907132 0.06662530291886641
0.87954 0.0675519347691398
0.852389 0.0686218370340267
0.825669 0.06954858803649833
0.799366 0.07026529823307642
0.773469 0.07136722609692635
0.747965 0.07215550012260293
0.722845 0.0733356621743253
0.698096 0.07410489331867753
0.673709 0.0750762662639733
0.649672 0.07585237070831373
0.625976 0.07658464537329143
0.602612 0.07724742824884791
0.579569 0.07831070801953292
0.556839 0.07894640229276009
0.534412 0.07959098489874004
0.51228 0.0803001764627538
0.490435 0.08119477974991186
0.468868 0.08178667093619646
0.447571 0.08240875247271273
0.426537 0.0830141192707615
0.405757 0.08351410428422752
0.385225 0.08409849516499138
0.364934 0.08494483126582655
0.344876 0.08546511037885983
0.325044 0.08599082488225258
0.305432 0.08649776770701777
0.286034 0.08703062841502392
0.266842 0.08754535371835083
0.247852 0.08799226110815202
0.229057 0.08845245938236035
0.210451 0.088873502790795
0.192029 0.08935838357122354
0.173784 0.0897387402705779
0.155712 0.09015480779957531
0.137807 0.09058507626327915
0.120065 0.09096732734504055
0.102479 0.09133530273696411
0.085046 0.09171124739527198
0.06776 0.09205172816959359
0.050617 0.09244858846634019
0.033612 0.09279435274581198
0.016742 0.09312529969222662
0.0 0.09344442417343517
