007 0.0037218297366052866
008 0.019849758595228195
009 0.04943625268060714
010 0.1352885493542999
011 0.23704556829761714
012 0.37502743513323367
013 0.5173714658012614
014 0.8656036198372021
015 1.811959195882082
016 3.0802757027558982
017 5.013941045152023
018 8.465350306942128
019 14.619237473700196
020 22.092468966613524
021 31.480071978177875
022 44.7560255053686
023 63.487996657029726
024 84.66138067905558
025 114.2512042192393
026 149.99391041893978
027 197.59902250405867
028 245.46516282245284
029 305.5747207617387
030 376.1437355534872
031 448.1283401683322
032 541.5129009695956
033 648.6878372137435
034 756.3373546481598
035 865.4428105358384
036 999.327672891086
037 1119.1432941289386
038 1247.8358140979544
039 1390.3392927452223
040 1551.2243381362641
041 1722.0393052743748
042 1909.9382824856439
043 2109.1777639152133
044 2312.802305027726
045 2540.308140425186
046 2767.8446634903667
047 3015.400698057201
048 3272.6775346825016
049 3534.8111989003373
050 3769.977438188216
051 4062.092347372207
052 4339.038209092687
053 4644.253661613795
054 4920.5919122542255
055 5262.9664387134835
056 5591.220473750262
057 5919.846032362257
058 6326.634222484252
059 6691.444083846989
060 7033.846985640994
061 7425.383528007078
062 7815.428432197426
063 8226.975964001263
064 8642.046942009358
065 9121.039376434346
066 9566.391461227147
067 10013.704206803232
068 10535.929044784629
069 11081.893154984922
070 11705.023303546244
071 12288.000647657143
072 12909.962703788944
073 13489.496062848018
074 14098.576931901858
075 14820.415615859907
076 15464.28196565865
077 16118.57792643644
078 16861.480624824995
079 17548.328377464204
080 18238.3470182842
081 18834.061080877902
082 19519.610427600855
083 20221.356611616502
084 20939.29933794524
085 21564.309779908624
086 22269.71686952241
087 22844.09604014235
088 23604.21566751931
089 24195.4163606356
090 24819.559614784142
091 25462.27690764406
092 26095.200257126824
093 26765.24514745624
094 27437.963327439327
095 28037.608862055524
096 28769.81140971568
097 29370.51837621245
098 30080.024407104065
099 30738.005455991777
100 31417.582683683955
101 32015.72112957877
102 32648.973206656112
103 33216.79687779461
104 33704.17387414939
105 34362.289513610944
106 34861.844321337994
107 35486.139296937676
108 35968.42486751644
109 36468.67757371417
110 37046.27643697237
111 37546.593468834704
112 37933.517591172946
113 38528.405836988124
114 38953.964503521915
115 39591.088362314156
116 40006.36651354568
117 40530.773206956976
118 40949.76198708452
119 41345.08876408561
120 41702.899610994034
121 42276.923245702405
122 42620.11000363919
123 42968.095228747
124 43350.960332084214
125 43833.92205549375
126 44153.461220509605
127 44489.29898825532
128 44816.11311500566
129 45086.035691022116
130 45401.52573109913
131 45858.42986694415
132 46139.30844261177
133 46423.121375366056
134 46696.800204667554
135 46984.4710969727
136 47262.351385527174
137 47503.61940486176 
138 47752.06265877356
139 47979.367714642314
140 48241.136099272175
141 48446.47597412788
142 48671.094745089125
143 48903.380051595566
144 49109.74263026338
145 49308.39831598109
146 49511.35630047473
147 49695.16870527435
148 49909.418234223034
149 50096.08299915772
150 50274.74845891172
151 50447.03142683627